0.0,150.0,574.57635,565.39014,602.8419,629.3419,678.1291,732.3305,753.3597,871.87524,539.4534,521.4047,537.10046,565.511,599.89105,607.03796,651.4553,631.3846,714.92474,569.658,541.6468,421.40787,345.58624,282.25165,263.81506,295.80515,282.38696,101.390335,294.19205,501.98895,579.63354,541.8086,417.3448,387.5055,37.336308,79.60528,154.25952,326.84094
0.0,0.0,427.24466,415.53098,453.07684,502.13446,507.2445,537.789,616.56555,713.77124,501.31918,377.55524,391.69504,406.64728,428.3515,443.84906,514.6612,473.28058,556.82074,411.55405,388.98813,294.23663,258.10742,258.7585,274.93454,302.95215,411.12506,246.94128,422.9301,538.09296,586.94635,570.54095,279.60864,245.07346,159.35495,86.815895,36.0,179.23448
0.0,0.0,0.0,114.0,62.72002,84.30895,146.53668,205.50668,268.91077,417.20258,542.9831,60.728905,101.020134,142.90826,178.97925,217.84514,233.2799,326.26117,317.30994,364.00858,398.71625,465.4628,523.3811,591.32385,660.28217,725.2495,787.224,674.1859,799.02905,907.5076,856.81464,877.01294,210.55391,198.72845,586.5996,514.06055,463.24466,606.4791
0.0,0.0,0.0,0.0,55.24154,172.47923,237.33463,297.2617,361.2123,511.05875,578.0288,119.51963,199.76326,239.2839,274.4568,312.97977,328.2346,361.52106,412.02222,460.38422,433.762,476.52795,534.52795,602.52795,671.52795,736.52795,798.52795,659.71716,810.333,953.97644,903.28345,923.4818,245.07141,217.66208,570.81964,494.95496,416.34753,269.0849
0.0,0.0,0.0,0.0,0.0,119.0,184.0,244.0,308.0,458.39392,594.8017,122.770004,148.48328,187.97075,222.91351,261.24155,276.36566,369.34692,359.94235,409.07104,450.5349,504.29224,561.05255,628.2006,701.2562,766.2562,849.9373,736.44763,861.7424,962.22687,908.6333,928.8316,262.3725,241.48236,648.86127,576.32227,525.50635,668.74084
0.0,0.0,0.0,0.0,0.0,0.0,65.0,125.0,189.0,339.53204,490.8098,125.47627,93.21559,92.19544,110.98357,145.63773,159.56165,252.54292,242.0469,324.6265,389.46448,612.1878,670.1878,738.1878,807.1878,795.96375,857.96375,720.096,869.7688,887.5801,819.29297,839.4913,225.82837,245.01952,631.08887,555.0796,476.07956,327.0393
0.0,0.0,0.0,0.0,0.0,0.0,0.0,60.0,124.0,274.65796,431.1694,186.28264,145.88882,113.6443,87.780495,94.27981,99.921234,192.9025,178.62952,302.7805,367.7805,590.5038,648.5038,716.5038,785.5038,850.5038,912.5038,776.53754,924.30884,826.4281,758.141,778.3393,234.68277,293.8067,679.876,603.8667,524.86676,375.8265
0.0,0.0,0.0,0.0,0.0,0.0,0.0,0.0,64.0,214.8418,391.33145,244.9202,203.51271,168.48059,129.82411,105.754684,70.45566,167.21753,123.28973,346.72174,411.72177,345.57922,413.1404,479.75516,545.32556,612.3079,678.42834,798.12177,711.9108,785.679,718.3031,738.50134,293.04773,348.52972,704.13043,629.71454,558.3752,430.54956
0.0,0.0,0.0,0.0,0.0,0.0,0.0,0.0,0.0,151.19855,361.61478,308.17725,266.44714,230.81967,190.61798,162.74005,103.00781,168.76332,90.934044,325.0484,390.0484,511.0484,587.0484,652.05585,715.0509,784.0496,854.0494,839.1291,850.1761,742.7582,688.5864,708.78467,346.6352,405.61334,750.1177,675.70184,604.3625,498.58655
0.0,0.0,0.0,0.0,0.0,0.0,0.0,0.0,0.0,0.0,324.40488,456.24554,414.23596,378.22562,337.2561,308.289,245.34921,245.53828,195.6154,304.51062,362.7836,483.7836,559.78357,624.791,687.78613,644.1894,706.77295,973.73584,812.278,723.1491,622.88904,651.59143,450.5762,510.40326,884.7245,775.34863,704.0093,592.4231
0.0,0.0,0.0,0.0,0.0,0.0,0.0,0.0,0.0,0.0,0.0,516.0551,478.2813,423.2665,404.98718,370.70465,314.078,253.75287,397.18103,203.99086,163.62991,208.44308,248.96634,302.66528,360.4382,426.52417,494.72626,651.60156,490.85297,400.66602,335.7329,355.9312,365.30603,414.9107,569.83563,515.35583,469.53488,434.77905
0.0,0.0,0.0,0.0,0.0,0.0,0.0,0.0,0.0,0.0,0.0,0.0,137.97414,176.02097,217.90192,251.90868,272.2956,267.03815,335.6045,403.02075,339.27905,521.00183,465.01352,533.01355,602.0135,667.0055,729.0055,618.53357,740.81055,848.07043,797.37744,817.57574,151.1167,140.00357,529.5222,454.0279,368.1424,218.86238
0.0,0.0,0.0,0.0,0.0,0.0,0.0,0.0,0.0,0.0,0.0,0.0,0.0,138.00877,175.98695,213.89651,230.28342,229.02597,297.59235,361.00858,305.96094,442.74817,500.74817,568.74817,637.74817,702.74817,764.74817,632.69037,776.5532,814.7523,764.0593,784.2576,137.23093,152.77806,543.679,469.26312,383.8381,234.79787
0.0,0.0,0.0,0.0,0.0,0.0,0.0,0.0,0.0,0.0,0.0,0.0,0.0,0.0,139.87692,173.8837,194.27692,189.01315,257.57953,222.02597,282.36084,505.0841,699.17834,767.17834,836.17834,708.4083,770.4083,622.1077,782.2134,791.1522,740.4592,760.65753,136.31215,181.18855,567.2579,491.2486,412.2486,263.20834
0.0,0.0,0.0,0.0,0.0,0.0,0.0,0.0,0.0,0.0,0.0,0.0,0.0,0.0,0.0,137.84146,153.27692,155.0,223.57237,215.0,280.0,502.72327,560.72327,628.72327,697.72327,762.72327,824.72327,685.66046,836.5283,786.1306,731.9588,752.1571,164.12639,219.60841,576.79834,500.7932,450.6685,301.62823
0.0,0.0,0.0,0.0,0.0,0.0,0.0,0.0,0.0,0.0,0.0,0.0,0.0,0.0,0.0,0.0,124.276924,120.0,188.57237,224.96738,289.96738,254.00787,321.07632,388.0464,454.00992,521.024,587.069,692.8074,621.0008,751.8481,697.6763,717.8746,193.69455,251.91191,603.79596,529.3801,459.02206,333.9317
0.0,0.0,0.0,0.0,0.0,0.0,0.0,0.0,0.0,0.0,0.0,0.0,0.0,0.0,0.0,0.0,0.0,97.0,115.4093,276.4312,341.43124,277.05054,344.6462,410.93185,476.22684,543.12524,609.22327,737.2248,642.50836,715.3885,661.2167,681.415,244.73085,303.70905,648.2134,573.7975,502.4582,385.72882
0.0,0.0,0.0,0.0,0.0,0.0,0.0,0.0,0.0,0.0,0.0,0.0,0.0,0.0,0.0,0.0,0.0,0.0,84.505905,195.939,260.939,381.939,457.939,522.9465,585.9415,654.94025,724.94,695.8441,721.0667,634.8963,580.7245,600.9228,206.20795,265.68408,606.83276,532.4169,461.07755,347.70392
0.0,0.0,0.0,0.0,0.0,0.0,0.0,0.0,0.0,0.0,0.0,0.0,0.0,0.0,0.0,0.0,0.0,0.0,0.0,134.73679,195.88007,276.79596,342.34778,405.54654,468.33856,533.97565,599.3413,779.38434,631.19727,652.18835,598.01654,618.21484,275.94153,334.91974,690.3729,615.95703,544.61774,416.93954
0.0,0.0,0.0,0.0,0.0,0.0,0.0,0.0,0.0,0.0,0.0,0.0,0.0,0.0,0.0,0.0,0.0,0.0,0.0,0.0,202.37708,323.37708,399.37708,464.38452,527.3796,596.3785,666.37823,813.32935,662.50494,576.4209,523.6015,543.7998,152.3975,208.69356,724.318,649.9021,578.5628,281.90247
0.0,0.0,0.0,0.0,0.0,0.0,0.0,0.0,0.0,0.0,0.0,0.0,0.0,0.0,0.0,0.0,0.0,0.0,0.0,0.0,0.0,258.37708,334.37708,399.38452,462.3792,531.3787,601.3784,611.5517,597.5051,511.54166,460.8487,481.047,205.00793,255.00241,522.54034,448.12445,376.7851,275.03226
0.0,0.0,0.0,0.0,0.0,0.0,0.0,0.0,0.0,0.0,0.0,0.0,0.0,0.0,0.0,0.0,0.0,0.0,0.0,0.0,0.0,0.0,321.26953,386.27432,449.27246,518.2716,588.2712,492.04462,584.3979,498.61078,451.62097,471.81927,290.71484,267.0,403.0332,330.67212,280.06763,249.17691
0.0,0.0,0.0,0.0,0.0,0.0,0.0,0.0,0.0,0.0,0.0,0.0,0.0,0.0,0.0,0.0,0.0,0.0,0.0,0.0,0.0,0.0,0.0,327.0918,390.0918,459.0918,525.0918,418.07178,525.2185,439.82227,401.0705,480.4524,348.71484,325.0,328.8249,267.9284,221.28714,295.60803
0.0,0.0,0.0,0.0,0.0,0.0,0.0,0.0,0.0,0.0,0.0,0.0,0.0,0.0,0.0,0.0,0.0,0.0,0.0,0.0,0.0,0.0,0.0,0.0,322.11298,391.11298,459.07092,353.0547,457.2397,372.4005,352.72272,372.92102,416.71484,393.0,268.68298,243.65811,224.47955,358.7709
0.0,0.0,0.0,0.0,0.0,0.0,0.0,0.0,0.0,0.0,0.0,0.0,0.0,0.0,0.0,0.0,0.0,0.0,0.0,0.0,0.0,0.0,0.0,0.0,0.0,322.17822,392.17822,292.61505,388.30493,304.74988,322.0066,342.20493,485.71484,462.0,229.93394,244.10052,268.4201,425.3482
0.0,0.0,0.0,0.0,0.0,0.0,0.0,0.0,0.0,0.0,0.0,0.0,0.0,0.0,0.0,0.0,0.0,0.0,0.0,0.0,0.0,0.0,0.0,0.0,0.0,0.0,327.05032,237.86475,323.2611,245.79266,300.40308,286.4228,550.71484,527.0,219.80585,263.901,327.04456,489.2903
0.0,0.0,0.0,0.0,0.0,0.0,0.0,0.0,0.0,0.0,0.0,0.0,0.0,0.0,0.0,0.0,0.0,0.0,0.0,0.0,0.0,0.0,0.0,0.0,0.0,0.0,0.0,214.59729,34.928497,220.63545,315.91656,274.19128,612.71484,589.0,263.924,312.58032,387.37582,550.74554
0.0,0.0,0.0,0.0,0.0,0.0,0.0,0.0,0.0,0.0,0.0,0.0,0.0,0.0,0.0,0.0,0.0,0.0,0.0,0.0,0.0,0.0,0.0,0.0,0.0,0.0,0.0,0.0,222.8419,432.40277,530.272,488.54663,503.11417,478.25958,89.01137,165.0155,244.01642,418.20917
0.0,0.0,0.0,0.0,0.0,0.0,0.0,0.0,0.0,0.0,0.0,0.0,0.0,0.0,0.0,0.0,0.0,0.0,0.0,0.0,0.0,0.0,0.0,0.0,0.0,0.0,0.0,0.0,0.0,210.0,310.86652,269.14124,624.5199,600.80505,275.72906,324.38538,399.1809,562.5506
0.0,0.0,0.0,0.0,0.0,0.0,0.0,0.0,0.0,0.0,0.0,0.0,0.0,0.0,0.0,0.0,0.0,0.0,0.0,0.0,0.0,0.0,0.0,0.0,0.0,0.0,0.0,0.0,0.0,0.0,111.1299,69.40461,713.2178,762.82245,483.526,532.1823,606.9778,728.47815
0.0,0.0,0.0,0.0,0.0,0.0,0.0,0.0,0.0,0.0,0.0,0.0,0.0,0.0,0.0,0.0,0.0,0.0,0.0,0.0,0.0,0.0,0.0,0.0,0.0,0.0,0.0,0.0,0.0,0.0,0.0,41.725292,795.5732,845.17786,545.75244,563.6231,575.6476,709.93896
0.0,0.0,0.0,0.0,0.0,0.0,0.0,0.0,0.0,0.0,0.0,0.0,0.0,0.0,0.0,0.0,0.0,0.0,0.0,0.0,0.0,0.0,0.0,0.0,0.0,0.0,0.0,0.0,0.0,0.0,0.0,0.0,753.8479,803.4526,538.1153,548.7477,595.8459,730.13727
0.0,0.0,0.0,0.0,0.0,0.0,0.0,0.0,0.0,0.0,0.0,0.0,0.0,0.0,0.0,0.0,0.0,0.0,0.0,0.0,0.0,0.0,0.0,0.0,0.0,0.0,0.0,0.0,0.0,0.0,0.0,0.0,0.0,128.31277,401.29913,330.6297,268.34763,154.97148
0.0,0.0,0.0,0.0,0.0,0.0,0.0,0.0,0.0,0.0,0.0,0.0,0.0,0.0,0.0,0.0,0.0,0.0,0.0,0.0,0.0,0.0,0.0,0.0,0.0,0.0,0.0,0.0,0.0,0.0,0.0,0.0,0.0,0.0,389.25244,313.24316,234.24316,88.25804
0.0,0.0,0.0,0.0,0.0,0.0,0.0,0.0,0.0,0.0,0.0,0.0,0.0,0.0,0.0,0.0,0.0,0.0,0.0,0.0,0.0,0.0,0.0,0.0,0.0,0.0,0.0,0.0,0.0,0.0,0.0,0.0,0.0,0.0,0.0,76.00658,155.00926,329.202
0.0,0.0,0.0,0.0,0.0,0.0,0.0,0.0,0.0,0.0,0.0,0.0,0.0,0.0,0.0,0.0,0.0,0.0,0.0,0.0,0.0,0.0,0.0,0.0,0.0,0.0,0.0,0.0,0.0,0.0,0.0,0.0,0.0,0.0,0.0,0.0,79.0,253.19276
0.0,0.0,0.0,0.0,0.0,0.0,0.0,0.0,0.0,0.0,0.0,0.0,0.0,0.0,0.0,0.0,0.0,0.0,0.0,0.0,0.0,0.0,0.0,0.0,0.0,0.0,0.0,0.0,0.0,0.0,0.0,0.0,0.0,0.0,0.0,0.0,0.0,174.19276
0.0,0.0,0.0,0.0,0.0,0.0,0.0,0.0,0.0,0.0,0.0,0.0,0.0,0.0,0.0,0.0,0.0,0.0,0.0,0.0,0.0,0.0,0.0,0.0,0.0,0.0,0.0,0.0,0.0,0.0,0.0,0.0,0.0,0.0,0.0,0.0,0.0,0.0
